Cross Validation Accuracy = 85.6959 +- 1.04341

Confusion = 
  0 1 2 3 4 5 6 7 8
0 0 0 0 0 0 0 0 0 0 
1 0 0 0 0 0 0 0 0 0 
2 3 0 13 0 0 2 4 9 0 
3 0 1 5 45 1 1 2 13 5 
4 0 0 0 0 0 0 0 0 0 
5 86 0 68 1 0 1517 9 25 0 
6 0 0 0 0 0 0 0 0 0 
7 4 0 42 14 0 8 1 125 0 
8 0 4 0 15 51 0 3 0 558 

Class F1 Prec Rec = 
0 0 0 0
1 0 0 0
2 0.163522 0.419355 0.101562
3 0.608108 0.616438 0.6
4 0 0 0
5 0.938157 0.889215 0.992801
6 0 0 0
7 0.68306 0.64433 0.726744
8 0.934673 0.884311 0.991119
A 0.369725 0.383739 0.379136
