Cross Validation Accuracy = 84.819 +- 1.26836

Confusion = 
  0 1 2 3 4 5 6 7 8
0 0 0 0 0 0 0 0 0 0 
1 0 0 0 0 0 0 0 0 0 
2 0 0 3 0 0 2 1 6 0 
3 0 2 8 37 1 0 6 17 7 
4 0 0 0 0 7 0 0 0 2 
5 89 0 72 2 0 1516 10 29 1 
6 0 0 0 0 0 0 0 0 0 
7 4 0 45 18 0 10 0 119 0 
8 0 3 0 18 44 0 2 1 553 

Class F1 Prec Rec = 
0 0 0 0
1 0 0 0
2 0.0428571 0.25 0.0234375
3 0.48366 0.474359 0.493333
4 0.229508 0.777778 0.134615
5 0.933785 0.881908 0.992147
6 0 0 0
7 0.646739 0.607143 0.69186
8 0.934122 0.890499 0.982238
A 0.363408 0.431299 0.368626
