Cross Validation Accuracy = 85.084 +- 1.52221

Confusion = 
  0 1 2 3 4 5 6 7 8
0 0 0 0 0 0 0 0 0 0 
1 0 0 0 0 0 0 0 0 0 
2 0 0 3 1 0 0 0 3 0 
3 0 2 7 39 0 0 0 18 8 
4 0 0 0 0 5 0 0 0 1 
5 89 0 75 2 0 1518 13 27 0 
6 0 0 0 0 0 0 0 0 0 
7 4 0 43 16 1 10 2 124 1 
8 0 3 0 17 46 0 4 0 553 

Class F1 Prec Rec = 
0 0 0 0
1 0 0 0
2 0.0444444 0.428571 0.0234375
3 0.52349 0.527027 0.52
4 0.172414 0.833333 0.0961538
5 0.933579 0.88051 0.993455
6 0 0 0
7 0.664879 0.616915 0.72093
8 0.932546 0.88764 0.982238
A 0.363484 0.463778 0.370691
