Cross Validation Accuracy = 72.5305 +- 1.99532

Confusion = 
  0 1 2 3 4 5 6 7 8
0 0 0 8 0 1 35 0 7 3 
1 0 0 0 0 0 0 0 0 0 
2 7 0 4 1 0 37 0 15 3 
3 1 0 1 2 3 6 0 2 10 
4 2 0 0 1 0 1 0 2 9 
5 71 0 77 11 4 1363 11 73 13 
6 0 0 0 0 0 2 0 3 0 
7 7 0 18 5 1 41 2 23 6 
8 5 5 20 55 43 43 6 47 519 

Class F1 Prec Rec = 
0 0 0 0
1 0 0 0
2 0.0410256 0.0597015 0.03125
3 0.04 0.08 0.0266667
4 0 0 0
5 0.865122 0.839803 0.892016
6 0 0 0
7 0.167273 0.223301 0.133721
8 0.794793 0.69852 0.921847
A 0.212024 0.211258 0.222833
