Cross Validation Accuracy = 71.7737 +- 1.87453

Confusion = 
  0 1 2 3 4 5 6 7 8
0 5 0 4 2 1 29 0 5 2 
1 0 0 0 0 0 1 0 0 0 
2 6 0 7 0 1 44 1 12 0 
3 2 0 0 7 0 10 1 2 9 
4 0 0 0 0 0 8 0 4 3 
5 66 1 78 12 9 1320 8 60 27 
6 1 0 0 1 0 3 0 0 1 
7 6 0 13 1 1 35 0 35 4 
8 7 4 26 52 40 78 9 54 517 

Class F1 Prec Rec = 
0 0.070922 0.104167 0.0537634
1 0 0 0
2 0.0703518 0.0985915 0.0546875
3 0.132075 0.225806 0.0933333
4 0 0 0
5 0.849148 0.834915 0.863874
6 0 0 0
7 0.262172 0.368421 0.203488
8 0.765926 0.656925 0.918295
A 0.238955 0.254314 0.243049
