Cross Validation Accuracy = 84.6659 +- 1.26319

Confusion = 
  0 1 2 3 4 5 6 7 8
0 0 0 0 0 0 0 0 0 0 
1 0 0 0 0 0 0 0 0 0 
2 0 0 2 0 0 0 0 0 0 
3 0 2 5 25 1 0 0 16 8 
4 0 0 0 1 7 0 0 0 2 
5 92 0 91 4 0 1523 15 31 0 
6 0 0 0 0 0 0 0 0 0 
7 1 1 28 26 2 4 0 123 2 
8 0 2 2 19 42 1 4 2 551 

Class F1 Prec Rec = 
0 0 0 0
1 0 0 0
2 0.0307692 1 0.015625
3 0.378788 0.438596 0.333333
4 0.225806 0.7 0.134615
5 0.927527 0.867312 0.996728
6 0 0 0
7 0.685237 0.657754 0.715116
8 0.929174 0.88443 0.978686
A 0.353033 0.505344 0.352678
