Cross Validation Accuracy = 84.1343 +- 1.58601

Confusion = 
  0 1 2 3 4 5 6 7 8
0 0 0 0 0 0 0 1 0 0 
1 0 0 0 1 0 0 0 0 0 
2 0 0 3 4 0 0 0 3 2 
3 0 2 5 20 1 0 1 18 10 
4 0 0 0 0 9 0 0 0 3 
5 92 0 89 4 0 1525 15 31 1 
6 0 0 1 0 0 0 0 0 2 
7 1 1 29 29 2 2 1 118 3 
8 0 2 1 17 40 1 1 2 542 

Class F1 Prec Rec = 
0 0 0 0
1 0 0 0
2 0.0428571 0.25 0.0234375
3 0.30303 0.350877 0.266667
4 0.28125 0.75 0.173077
5 0.928463 0.867957 0.998037
6 0 0 0
7 0.659218 0.634409 0.686047
8 0.927288 0.894389 0.9627
A 0.349123 0.416404 0.345552
