Cross Validation Accuracy = 85.8452 +- 0.955377

Confusion = 
  0 1 2 3 4 5 6 7 8
0 0 0 0 0 0 0 0 0 0 
1 0 0 0 0 0 0 0 0 0 
2 0 0 8 1 0 2 0 3 0 
3 0 2 4 35 0 0 1 15 7 
4 0 0 0 0 19 0 0 0 2 
5 93 0 88 2 0 1520 15 27 0 
6 0 0 0 0 0 0 0 0 0 
7 0 0 27 20 1 4 0 126 0 
8 0 3 1 17 32 2 3 1 554 

Class F1 Prec Rec = 
0 0 0 0
1 0 0 0
2 0.112676 0.571429 0.0625
3 0.503597 0.546875 0.466667
4 0.520548 0.904762 0.365385
5 0.928811 0.87106 0.994764
6 0 0 0
7 0.72 0.707865 0.732558
8 0.942177 0.903752 0.984014
A 0.414201 0.500638 0.400654
