Cross Validation Accuracy = 85.1629 +- 0.722193

Confusion = 
  0 1 2 3 4 5 6 7 8
0 0 0 0 0 0 0 0 0 0 
1 0 0 0 0 0 0 0 0 0 
2 1 0 9 1 0 5 4 10 0 
3 0 1 2 39 1 0 4 12 7 
4 0 0 0 0 0 0 0 0 0 
5 90 0 75 0 0 1519 7 27 0 
6 0 0 0 0 0 0 0 0 0 
7 2 0 41 19 0 4 4 123 2 
8 0 4 1 16 51 0 0 0 554 

Class F1 Prec Rec = 
0 0 0 0
1 0 0 0
2 0.113924 0.3 0.0703125
3 0.553191 0.590909 0.52
4 0 0 0
5 0.935921 0.884168 0.99411
6 0 0 0
7 0.6703 0.630769 0.715116
8 0.931876 0.884984 0.984014
A 0.356135 0.365648 0.364839
