Cross Validation Accuracy = 83.6041 +- 1.00681

Confusion = 
  0 1 2 3 4 5 6 7 8
0 0 0 0 0 0 0 0 0 0 
1 0 0 0 0 0 0 0 0 0 
2 0 0 7 0 0 0 1 10 1 
3 0 0 6 22 0 1 2 15 14 
4 0 0 0 1 1 0 0 0 1 
5 91 0 77 1 0 1519 9 32 1 
6 0 0 0 1 0 0 0 1 0 
7 2 2 36 27 1 8 4 111 3 
8 0 3 2 23 50 0 3 3 543 

Class F1 Prec Rec = 
0 0 0 0
1 0 0 0
2 0.0952381 0.368421 0.0546875
3 0.325926 0.366667 0.293333
4 0.0363636 0.333333 0.0192308
5 0.932474 0.878035 0.99411
6 0 0 0
7 0.606557 0.572165 0.645349
8 0.912605 0.866029 0.964476
A 0.32324 0.376072 0.330132
