Cross Validation Accuracy = 83.7939 +- 1.06436

Confusion = 
  0 1 2 3 4 5 6 7 8
0 0 0 0 0 0 0 0 0 0 
1 0 0 0 0 0 0 0 0 0 
2 0 0 4 1 0 0 1 7 0 
3 0 1 6 18 0 1 3 14 9 
4 0 0 0 1 2 0 0 0 1 
5 91 0 78 2 0 1520 9 31 1 
6 0 0 0 0 0 0 0 1 0 
7 2 1 38 28 1 7 4 115 3 
8 0 3 2 25 49 0 2 4 549 

Class F1 Prec Rec = 
0 0 0 0
1 0 0 0
2 0.0567376 0.307692 0.03125
3 0.283465 0.346154 0.24
4 0.0714286 0.5 0.0384615
5 0.932515 0.877598 0.994764
6 0 0 0
7 0.619946 0.577889 0.668605
8 0.917293 0.865931 0.975133
A 0.320154 0.38614 0.327579
