Cross Validation Accuracy = 68.7994 +- 1.65359

Confusion = 
  0 1 2 3 4 5 6 7 8
0 0 0 6 0 0 34 1 2 2 
1 0 0 0 1 0 2 0 0 0 
2 5 0 0 1 0 45 0 12 0 
3 0 1 2 0 1 12 0 4 4 
4 0 0 0 1 1 6 0 1 0 
5 74 2 77 24 11 1290 8 109 40 
6 1 0 0 0 0 3 0 2 0 
7 4 0 10 4 0 50 1 9 4 
8 9 2 33 44 39 86 9 33 513 

Class F1 Prec Rec = 
0 0 0 0
1 0 0 0
2 0 0 0
3 0 0 0
4 0.0327869 0.111111 0.0192308
5 0.815681 0.788991 0.844241
6 0 0 0
7 0.0708661 0.109756 0.0523256
8 0.770849 0.667969 0.91119
A 0.187798 0.186425 0.202999
