Cross Validation Accuracy = 0.86692 +- 0.931085

Confusion = 
   0 1 2 3 4 5 6 7 8
0 28 0 7 0 0 52 1 0 0 
1 0 0 0 0 0 0 0 0 0 
2 5 0 71 2 0 23 0 43 0 
3 0 2 3 46 1 0 2 9 7 
4 0 0 0 1 22 0 0 0 4 
5 60 0 20 2 0 1444 9 3 0 
6 0 0 0 0 0 2 1 0 0 
7 0 0 27 8 0 3 1 117 0 
8 0 3 0 16 29 0 5 0 551 

Class F1 Prec Rec = 
0 0.309392 0.318182 0.301075
1 0 0 0
2 0.522059 0.493056 0.554688
3 0.634483 0.657143 0.613333
4 0.556962 0.814815 0.423077
5 0.943174 0.938882 0.947507
6 0.0909091 0.333333 0.0526316
7 0.713415 0.75 0.680233
8 0.945111 0.912252 0.980427
A 0.523945 0.57974 0.505886
