Cross Validation Accuracy = 0.862738 +- 0.928837

Confusion = 
   0 1 2 3 4 5 6 7 8
0 14 0 4 1 0 35 1 2 0 
1 0 0 0 0 0 0 0 0 0 
2 8 0 76 4 0 20 5 28 1 
3 2 1 5 46 1 0 1 8 11 
4 0 0 0 2 7 0 0 0 15 
5 68 0 16 0 0 1463 8 3 0 
6 0 0 3 0 0 1 1 0 1 
7 1 1 24 7 0 5 1 130 2 
8 0 3 0 15 44 0 2 1 532 

Class F1 Prec Rec = 
0 0.186667 0.245614 0.150538
1 0 0 0
2 0.562963 0.535211 0.59375
3 0.613333 0.613333 0.613333
4 0.184211 0.291667 0.134615
5 0.949384 0.939024 0.959974
6 0.08 0.166667 0.0526316
7 0.758017 0.760234 0.755814
8 0.918033 0.891122 0.946619
A 0.472512 0.493653 0.467475
