Cross Validation Accuracy = 86.6412 +- 0.958835

Confusion = 
  0 1 2 3 4 5 6 7 8
0 2 0 4 0 0 5 0 1 0 
1 0 0 0 0 0 0 0 0 0 
2 1 0 31 0 0 9 2 18 1 
3 0 2 7 45 1 0 2 12 8 
4 0 0 0 0 19 0 0 0 6 
5 87 0 51 2 0 1510 11 12 1 
6 0 0 0 0 0 0 0 0 0 
7 3 1 35 11 3 4 0 129 0 
8 0 2 0 17 29 0 4 0 547 

Class F1 Prec Rec = 
0 0.0380952 0.166667 0.0215054
1 0 0 0
2 0.326316 0.5 0.242188
3 0.592105 0.584416 0.6
4 0.493506 0.76 0.365385
5 0.943161 0.902031 0.98822
6 0 0 0
7 0.72067 0.693548 0.75
8 0.94148 0.913189 0.971581
A 0.450593 0.502206 0.437653
