Cross Validation Accuracy = 86.603 +- 0.888465

Confusion = 
  0 1 2 3 4 5 6 7 8
0 5 0 4 0 0 8 1 1 0 
1 0 0 0 0 0 0 0 0 0 
2 2 0 36 2 2 10 3 21 2 
3 0 3 7 46 2 0 2 12 7 
4 0 0 0 0 18 0 0 0 6 
5 83 0 36 2 0 1504 8 11 0 
6 0 0 1 1 0 0 0 1 0 
7 3 0 43 7 1 6 0 125 0 
8 0 2 1 17 29 0 5 1 548 

Class F1 Prec Rec = 
0 0.0892857 0.263158 0.0537634
1 0 0 0
2 0.349515 0.461538 0.28125
3 0.597403 0.582278 0.613333
4 0.473684 0.75 0.346154
5 0.948298 0.914842 0.984293
6 0 0 0
7 0.70028 0.675676 0.726744
8 0.939966 0.908789 0.973357
A 0.455381 0.506254 0.442099
