Cross Validation Accuracy = 85.6919 +- 1.63444

Confusion = 
  0 1 2 3 4 5 6 7 8
0 1 0 1 0 0 1 0 0 0 
1 0 1 1 0 0 0 0 0 3 
2 4 0 45 4 0 14 2 13 1 
3 0 0 3 11 2 0 0 1 1 
4 0 0 0 1 4 0 0 0 11 
5 87 0 37 2 0 1507 12 8 1 
6 0 0 0 0 0 0 0 1 0 
7 1 2 40 20 0 6 0 146 3 
8 0 2 1 37 46 0 5 3 543 

Class F1 Prec Rec = 
0 0.0208333 0.333333 0.0107527
1 0.2 0.2 0.2
2 0.42654 0.542169 0.351562
3 0.236559 0.611111 0.146667
4 0.117647 0.25 0.0769231
5 0.947203 0.911125 0.986257
6 0 0 0
7 0.748718 0.669725 0.848837
8 0.905 0.852433 0.964476
A 0.400278 0.485544 0.398386
