Cross Validation Accuracy = 87.7826 +- 1.16402

Confusion = 
  0 1 2 3 4 5 6 7 8
0 0 0 0 0 0 0 0 0 0 
1 0 0 0 0 0 0 0 1 0 
2 10 0 74 3 0 15 2 22 1 
3 2 0 5 42 2 0 0 8 13 
4 0 0 0 0 14 0 0 0 11 
5 80 0 23 1 0 1510 12 5 0 
6 0 0 0 0 0 1 2 0 1 
7 1 1 26 12 0 2 1 135 1 
8 0 4 0 17 36 0 2 1 536 

Class F1 Prec Rec = 
0 0 0 0
1 0 0 0
2 0.580392 0.582677 0.578125
3 0.571429 0.583333 0.56
4 0.363636 0.56 0.269231
5 0.955999 0.925812 0.98822
6 0.173913 0.5 0.105263
7 0.769231 0.75419 0.784884
8 0.924935 0.899329 0.952043
A 0.482171 0.533927 0.470863
