Cross Validation Accuracy = 85.6918 +- 1.927

Confusion = 
  0 1 2 3 4 5 6 7 8
0 0 0 0 0 0 0 0 0 0 
1 0 1 0 0 0 0 0 0 3 
2 5 0 42 3 0 13 2 12 1 
3 0 0 3 10 3 0 0 1 1 
4 0 0 0 1 3 0 0 0 9 
5 86 0 42 3 0 1511 12 10 1 
6 0 0 0 0 0 0 0 0 0 
7 1 2 39 19 0 4 0 146 3 
8 1 2 2 39 46 0 5 3 545 

Class F1 Prec Rec = 
0 0 0 0
1 0.222222 0.25 0.2
2 0.407767 0.538462 0.328125
3 0.215054 0.555556 0.133333
4 0.0923077 0.230769 0.0576923
5 0.946445 0.907508 0.988874
6 0 0 0
7 0.756477 0.682243 0.848837
8 0.903814 0.847589 0.968028
A 0.393787 0.445792 0.391655
