Cross Validation Accuracy = 81.5925 +- 1.43074

Confusion = 
  0 1 2 3 4 5 6 7 8
0 0 0 0 0 0 0 0 0 0 
1 0 0 0 0 0 0 0 0 0 
2 1 0 6 0 1 3 1 17 2 
3 1 0 4 13 0 2 4 13 13 
4 0 0 0 0 1 0 0 1 9 
5 87 0 78 0 0 1511 7 41 1 
6 0 0 0 1 0 0 0 0 0 
7 4 1 38 22 0 12 5 92 11 
8 0 4 2 39 50 0 2 8 527 

Class F1 Prec Rec = 
0 0 0 0
1 0 0 0
2 0.0754717 0.193548 0.046875
3 0.208 0.26 0.173333
4 0.031746 0.0909091 0.0192308
5 0.928989 0.875942 0.988874
6 0 0 0
7 0.515406 0.497297 0.534884
8 0.882008 0.833861 0.936057
A 0.293513 0.305729 0.299917
