Cross Validation Accuracy = 84.1773 +- 1.15443

Confusion = 
  0 1 2 3 4 5 6 7 8
0 0 0 0 0 0 0 0 0 0 
1 0 0 0 0 0 0 0 0 0 
2 4 0 12 0 0 10 2 16 0 
3 0 0 2 28 0 0 3 9 10 
4 0 0 0 0 0 0 0 0 0 
5 84 0 67 0 0 1509 7 30 0 
6 0 0 0 0 0 0 0 0 0 
7 5 0 47 16 0 9 6 117 1 
8 0 5 0 31 52 0 1 0 552 

Class F1 Prec Rec = 
0 0 0 0
1 0 0 0
2 0.139535 0.272727 0.09375
3 0.440945 0.538462 0.373333
4 0 0 0
5 0.935814 0.889216 0.987565
6 0 0 0
7 0.627346 0.58209 0.680233
8 0.916944 0.861154 0.980462
A 0.340065 0.349294 0.346149
