Cross Validation Accuracy = 82.0097 +- 1.39253

Confusion = 
  0 1 2 3 4 5 6 7 8
0 0 0 2 0 0 0 0 2 0 
1 0 0 0 0 0 0 0 0 0 
2 0 0 1 0 0 2 0 7 0 
3 0 0 3 12 0 1 0 6 9 
4 0 0 1 0 0 0 0 0 3 
5 90 0 86 0 0 1515 11 48 1 
6 0 0 0 0 0 0 0 0 1 
7 3 1 31 22 0 10 4 97 13 
8 0 4 4 41 52 0 4 12 536 

Class F1 Prec Rec = 
0 0 0 0
1 0 0 0
2 0.0144928 0.1 0.0078125
3 0.226415 0.387097 0.16
4 0 0 0
5 0.924062 0.86522 0.991492
6 0 0 0
7 0.549575 0.535912 0.563953
8 0.881579 0.820827 0.952043
A 0.288458 0.301006 0.297256
