Cross Validation Accuracy = 84.2548 +- 0.848759

Confusion = 
  0 1 2 3 4 5 6 7 8
0 0 0 0 0 0 0 0 0 0 
1 0 0 0 0 0 0 0 0 0 
2 1 0 3 0 0 0 0 8 0 
3 0 2 1 29 1 1 1 13 9 
4 0 0 0 0 0 0 0 0 0 
5 90 0 86 1 0 1524 14 36 1 
6 0 0 0 0 0 0 0 0 0 
7 2 0 35 24 0 2 2 113 2 
8 0 3 3 21 51 1 2 2 551 

Class F1 Prec Rec = 
0 0 0 0
1 0 0 0
2 0.0428571 0.25 0.0234375
3 0.439394 0.508772 0.386667
4 0 0 0
5 0.929268 0.869863 0.997382
6 0 0 0
7 0.642045 0.627778 0.656977
8 0.920635 0.869085 0.978686
A 0.330467 0.347278 0.338128
