Cross Validation Accuracy = 83.0731 +- 1.6368

Confusion = 
  0 1 2 3 4 5 6 7 8
0 0 0 0 1 0 0 1 0 0 
1 0 0 0 0 0 0 0 0 0 
2 0 0 1 1 0 0 0 2 0 
3 1 1 2 22 0 1 1 15 13 
4 0 0 0 1 1 0 0 0 3 
5 90 0 98 3 0 1524 14 45 3 
6 0 0 0 1 1 0 0 0 0 
7 2 1 23 27 2 3 1 106 9 
8 0 3 4 19 48 0 2 4 535 

Class F1 Prec Rec = 
0 0 0 0
1 0 0 0
2 0.0151515 0.25 0.0078125
3 0.335878 0.392857 0.293333
4 0.0350877 0.2 0.0192308
5 0.922239 0.857625 0.997382
6 0 0 0
7 0.612717 0.609195 0.616279
8 0.908319 0.869919 0.950266
A 0.314377 0.353288 0.320478
