Cross Validation Accuracy = 84.5567 +- 0.984155

Confusion = 
  0 1 2 3 4 5 6 7 8
0 0 0 0 0 0 0 0 0 0 
1 0 0 0 0 0 0 0 0 0 
2 1 0 18 2 0 3 1 21 1 
3 0 1 0 25 1 0 0 9 13 
4 0 0 0 0 4 0 0 0 2 
5 91 0 64 0 0 1522 14 22 3 
6 0 0 0 0 0 0 0 0 0 
7 1 0 41 27 1 3 1 116 1 
8 0 4 5 21 46 0 3 4 543 

Class F1 Prec Rec = 
0 0 0 0
1 0 0 0
2 0.205714 0.382979 0.140625
3 0.403226 0.510204 0.333333
4 0.137931 0.666667 0.0769231
5 0.938348 0.886946 0.996073
6 0 0 0
7 0.639118 0.60733 0.674419
8 0.913373 0.867412 0.964476
A 0.359746 0.435726 0.353983
