Cross Validation Accuracy = 82.0858 +- 1.78399

Confusion = 
  0 1 2 3 4 5 6 7 8
0 0 0 0 0 0 0 0 1 0 
1 0 0 0 0 0 0 0 0 0 
2 0 0 4 3 0 0 0 2 1 
3 0 0 3 12 2 1 0 19 17 
4 0 0 0 0 4 0 0 0 14 
5 93 0 81 3 0 1522 16 35 8 
6 0 0 0 0 0 0 0 1 0 
7 0 2 35 34 4 5 0 110 12 
8 0 3 5 23 42 0 3 4 511 

Class F1 Prec Rec = 
0 0 0 0
1 0 0 0
2 0.057971 0.4 0.03125
3 0.186047 0.222222 0.16
4 0.114286 0.222222 0.0769231
5 0.926354 0.865757 0.996073
6 0 0 0
7 0.588235 0.544554 0.639535
8 0.885615 0.864636 0.907638
A 0.306501 0.346599 0.31238
