Cross Validation Accuracy = 82.5791 +- 1.54808

Confusion = 
  0 1 2 3 4 5 6 7 8
0 0 0 0 0 0 0 0 0 0 
1 0 0 0 0 0 0 0 0 0 
2 0 0 1 0 0 0 0 0 0 
3 0 1 1 10 0 1 0 14 14 
4 0 0 0 0 4 0 0 0 9 
5 93 0 80 4 0 1523 15 37 6 
6 0 0 0 0 0 0 0 0 0 
7 0 2 40 34 4 4 0 116 12 
8 0 2 6 27 44 0 4 5 522 

Class F1 Prec Rec = 
0 0 0 0
1 0 0 0
2 0.0155039 1 0.0078125
3 0.172414 0.243902 0.133333
4 0.123077 0.307692 0.0769231
5 0.926963 0.866325 0.996728
6 0 0 0
7 0.604167 0.54717 0.674419
8 0.890026 0.855738 0.927176
A 0.303572 0.424536 0.312932
