Cross Validation Accuracy = 71.9189 +- 2.60208

Confusion = 
  0 1 2 3 4 5 6 7 8
0 7 0 4 0 0 22 0 1 2 
1 0 0 0 1 0 0 0 0 0 
2 6 0 18 2 0 26 1 18 5 
3 0 1 1 0 3 12 0 4 8 
4 1 0 0 3 1 5 0 2 4 
5 57 0 52 8 8 1317 7 58 26 
6 0 0 0 0 0 5 0 0 0 
7 7 0 15 5 2 27 0 34 0 
8 15 4 38 56 38 114 11 55 518 

Class F1 Prec Rec = 
0 0.108527 0.194444 0.0752688
1 0 0 0
2 0.176471 0.236842 0.140625
3 0 0 0
4 0.0294118 0.0625 0.0192308
5 0.860503 0.8591 0.861911
6 0 0 0
7 0.259542 0.377778 0.197674
8 0.733711 0.61013 0.920071
A 0.240907 0.260088 0.246087
