Cross Validation Accuracy = 87.4368 +- 0.822449

Confusion = 
  0 1 2 3 4 5 6 7 8
0 0 0 0 0 0 0 0 0 0 
1 0 0 0 0 0 0 0 0 0 
2 3 0 35 2 1 13 0 12 0 
3 0 4 7 49 0 0 0 11 7 
4 0 0 0 0 30 0 0 0 8 
5 89 0 57 2 0 1511 15 16 2 
6 0 0 0 0 0 0 0 0 0 
7 1 0 29 9 0 4 0 133 0 
8 0 1 0 13 21 0 4 0 546 

Class F1 Prec Rec = 
0 0 0 0
1 0 0 0
2 0.360825 0.530303 0.273438
3 0.640523 0.628205 0.653333
4 0.666667 0.789474 0.576923
5 0.938509 0.893026 0.988874
6 0 0 0
7 0.764368 0.755682 0.773256
8 0.95122 0.933333 0.969805
A 0.480235 0.503336 0.470625
