Cross Validation Accuracy = 86.0713 +- 0.845168

Confusion = 
  0 1 2 3 4 5 6 7 8
0 0 0 0 0 0 0 0 0 0 
1 0 0 0 0 0 0 0 0 0 
2 0 0 28 1 0 8 1 14 2 
3 0 2 3 41 1 0 1 13 11 
4 0 0 0 0 15 0 0 0 4 
5 92 0 56 2 0 1514 14 17 3 
6 0 0 0 2 0 0 0 1 0 
7 1 0 40 15 1 6 0 127 0 
8 0 3 1 14 35 0 3 0 543 

Class F1 Prec Rec = 
0 0 0 0
1 0 0 0
2 0.307692 0.518519 0.21875
3 0.557823 0.569444 0.546667
4 0.422535 0.789474 0.288462
5 0.938624 0.891637 0.990838
6 0 0 0
7 0.701657 0.668421 0.738372
8 0.934596 0.906511 0.964476
A 0.429214 0.482667 0.416396
