Cross Validation Accuracy = 86.3749 +- 1.04984

Confusion = 
  0 1 2 3 4 5 6 7 8
0 0 0 0 0 0 0 0 0 0 
1 0 0 0 0 0 0 0 0 0 
2 0 0 30 1 0 7 1 12 0 
3 0 2 5 43 1 0 1 13 12 
4 0 0 1 0 21 0 0 0 7 
5 92 0 49 2 0 1513 14 19 3 
6 0 0 0 0 0 0 0 0 0 
7 1 0 42 13 1 8 0 128 0 
8 0 3 1 16 29 0 3 0 541 

Class F1 Prec Rec = 
0 0 0 0
1 0 0 0
2 0.335196 0.588235 0.234375
3 0.565789 0.558442 0.573333
4 0.518519 0.724138 0.403846
5 0.939752 0.894208 0.990183
6 0 0 0
7 0.70137 0.663212 0.744186
8 0.935986 0.91231 0.960924
A 0.444068 0.482283 0.434094
