Cross Validation Accuracy = 77.421 +- 1.45214

Confusion = 
  0 1 2 3 4 5 6 7 8
0 6 0 7 0 0 20 1 5 0 
1 0 0 0 0 0 0 0 0 1 
2 10 0 22 1 2 41 0 31 1 
3 0 0 1 7 4 1 0 11 13 
4 0 0 2 0 3 0 0 4 2 
5 71 0 50 7 3 1426 11 32 26 
6 0 0 0 0 0 2 0 4 0 
7 6 0 35 11 2 25 4 59 3 
8 0 5 11 49 38 13 3 26 517 

Class F1 Prec Rec = 
0 0.0909091 0.153846 0.0645161
1 0 0 0
2 0.186441 0.203704 0.171875
3 0.125 0.189189 0.0933333
4 0.0952381 0.272727 0.0576923
5 0.904249 0.876999 0.933246
6 0 0 0
7 0.37224 0.406897 0.343023
8 0.844082 0.780967 0.918295
A 0.290906 0.320481 0.286887
