Cross Validation Accuracy = 85.2358 +- 1.55294

Confusion = 
  0 1 2 3 4 5 6 7 8
0 2 0 2 1 0 5 1 2 0 
1 0 0 0 0 0 0 0 0 0 
2 1 0 20 4 0 8 1 19 2 
3 0 1 6 35 0 0 3 14 7 
4 0 0 0 0 6 0 0 0 2 
5 86 0 60 3 0 1510 10 16 0 
6 0 0 0 1 0 0 0 0 0 
7 4 1 40 15 1 5 2 121 0 
8 0 3 0 16 45 0 2 0 552 

Class F1 Prec Rec = 
0 0.0377358 0.153846 0.0215054
1 0 0 0
2 0.218579 0.363636 0.15625
3 0.496454 0.530303 0.466667
4 0.2 0.75 0.115385
5 0.939932 0.896142 0.98822
6 0 0 0
7 0.67036 0.640212 0.703488
8 0.934801 0.893204 0.980462
A 0.388651 0.469705 0.381331
