Cross Validation Accuracy = 85.7291 +- 1.64117

Confusion = 
  0 1 2 3 4 5 6 7 8
0 1 0 0 0 0 3 0 0 0 
1 0 0 0 0 0 0 0 0 0 
2 1 0 17 2 0 5 1 16 4 
3 0 1 7 42 3 0 1 15 6 
4 0 0 0 0 6 0 0 1 1 
5 87 0 60 2 0 1515 12 13 0 
6 0 0 0 0 0 0 0 0 0 
7 4 1 44 12 1 5 1 126 0 
8 0 3 0 17 42 0 4 1 552 

Class F1 Prec Rec = 
0 0.0206186 0.25 0.0107527
1 0 0 0
2 0.195402 0.369565 0.132812
3 0.56 0.56 0.56
4 0.2 0.75 0.115385
5 0.941871 0.89698 0.991492
6 0 0 0
7 0.688525 0.649485 0.732558
8 0.93401 0.891761 0.980462
A 0.393381 0.48531 0.391496
