Cross Validation Accuracy = 87.2848 +- 1.52037

Confusion = 
  0 1 2 3 4 5 6 7 8
0 0 0 0 0 0 0 0 0 0 
1 0 0 0 0 0 0 0 0 0 
2 5 0 42 4 0 6 6 26 0 
3 0 1 2 43 2 0 3 9 7 
4 0 0 0 0 18 0 0 0 5 
5 87 0 43 0 0 1517 9 8 0 
6 0 0 0 0 0 0 0 0 0 
7 1 0 41 12 0 5 0 129 0 
8 0 4 0 16 32 0 1 0 551 

Class F1 Prec Rec = 
0 0 0 0
1 0 0 0
2 0.387097 0.47191 0.328125
3 0.605634 0.641791 0.573333
4 0.48 0.782609 0.346154
5 0.950501 0.911659 0.992801
6 0 0 0
7 0.716667 0.68617 0.75
8 0.944302 0.912252 0.978686
A 0.4538 0.489599 0.441011
