Cross Validation Accuracy = 84.0978 +- 0.964998

Confusion = 
  0 1 2 3 4 5 6 7 8
0 0 0 0 0 0 0 0 1 0 
1 0 0 1 0 0 0 0 0 1 
2 0 0 13 4 1 8 0 2 1 
3 0 0 0 1 0 0 0 0 0 
4 0 0 0 0 0 0 0 0 1 
5 86 0 72 2 0 1506 13 22 1 
6 0 0 0 0 0 0 0 0 0 
7 7 2 38 29 0 14 1 141 4 
8 0 3 4 39 51 0 5 6 555 

Class F1 Prec Rec = 
0 0 0 0
1 0 0 0
2 0.165605 0.448276 0.101562
3 0.0263158 1 0.0133333
4 0 0 0
5 0.932508 0.884841 0.985602
6 0 0 0
7 0.691176 0.597458 0.819767
8 0.905383 0.837104 0.98579
A 0.302332 0.418631 0.322895
