Cross Validation Accuracy = 83.4143 +- 1.66623

Confusion = 
  0 1 2 3 4 5 6 7 8
0 0 0 0 0 0 0 1 0 0 
1 0 0 0 0 0 0 0 0 0 
2 1 0 3 2 0 0 0 6 0 
3 0 1 5 22 0 0 1 16 19 
4 0 0 0 0 3 0 0 0 7 
5 89 0 84 1 0 1521 12 34 1 
6 0 0 0 0 0 0 0 0 1 
7 3 1 33 32 1 7 2 114 0 
8 0 3 3 18 48 0 3 2 535 

Class F1 Prec Rec = 
0 0 0 0
1 0 0 0
2 0.0428571 0.25 0.0234375
3 0.316547 0.34375 0.293333
4 0.0967742 0.3 0.0576923
5 0.930275 0.873134 0.995419
6 0 0 0
7 0.624658 0.590674 0.662791
8 0.910638 0.874183 0.950266
A 0.324639 0.359082 0.331438
