Cross Validation Accuracy = 84.0972 +- 1.69607

Confusion = 
  0 1 2 3 4 5 6 7 8
0 0 0 0 0 0 0 0 0 0 
1 0 0 0 0 0 0 0 0 0 
2 0 0 1 0 0 0 0 1 0 
3 0 1 7 25 0 0 1 19 12 
4 0 0 0 0 1 0 0 0 0 
5 90 0 84 2 0 1520 12 32 0 
6 0 0 0 0 0 0 0 0 0 
7 3 1 34 30 1 8 2 118 0 
8 0 3 2 18 50 0 4 2 551 

Class F1 Prec Rec = 
0 0 0 0
1 0 0 0
2 0.0153846 0.5 0.0078125
3 0.357143 0.384615 0.333333
4 0.0377358 1 0.0192308
5 0.930233 0.873563 0.994764
6 0 0 0
7 0.639566 0.598985 0.686047
8 0.923722 0.874603 0.978686
A 0.322643 0.470196 0.335541
