Cross Validation Accuracy = 85.2016 +- 0.891979

Confusion = 
  0 1 2 3 4 5 6 7 8
0 0 0 0 0 0 0 0 0 0 
1 0 0 0 0 0 0 0 0 0 
2 3 0 9 3 0 1 3 4 2 
3 0 1 4 36 2 0 2 11 8 
4 0 0 0 0 0 0 0 0 0 
5 88 0 82 1 0 1520 11 30 0 
6 0 0 0 0 0 0 0 0 0 
7 2 0 32 18 0 7 1 127 0 
8 0 4 1 17 50 0 2 0 553 

Class F1 Prec Rec = 
0 0 0 0
1 0 0 0
2 0.117647 0.36 0.0703125
3 0.517986 0.5625 0.48
4 0 0 0
5 0.932515 0.877598 0.994764
6 0 0 0
7 0.707521 0.679144 0.738372
8 0.929412 0.881978 0.982238
A 0.35612 0.373469 0.362854
