Cross Validation Accuracy = 70.1367 +- 1.64366

Confusion = 
  0 1 2 3 4 5 6 7 8
0 3 1 2 0 0 30 0 2 3 
1 0 0 0 0 1 1 0 0 1 
2 3 0 11 2 0 36 1 6 3 
3 0 0 0 2 2 11 0 4 9 
4 0 1 0 4 0 4 0 2 3 
5 74 0 78 22 7 1333 8 96 43 
6 0 0 0 0 0 4 0 1 1 
7 3 0 5 4 3 41 1 8 9 
8 10 3 32 41 39 68 9 53 491 

Class F1 Prec Rec = 
0 0.0447761 0.0731707 0.0322581
1 0 0 0
2 0.115789 0.177419 0.0859375
3 0.038835 0.0714286 0.0266667
4 0 0 0
5 0.835999 0.802529 0.872382
6 0 0 0
7 0.0650407 0.108108 0.0465116
8 0.750191 0.658177 0.872114
A 0.205626 0.210092 0.215097
