Cross Validation Accuracy = 81.8581 +- 1.82676

Confusion = 
  0 1 2 3 4 5 6 7 8
0 0 0 0 0 0 0 0 0 0 
1 0 0 0 0 0 0 0 0 0 
2 0 0 1 0 1 1 0 3 0 
3 0 0 2 8 0 0 2 6 7 
4 0 0 0 0 1 0 0 0 2 
5 89 0 93 1 0 1513 10 59 1 
6 0 0 0 0 0 0 0 0 0 
7 4 1 30 20 0 13 4 93 12 
8 0 4 2 46 50 1 3 11 541 

Class F1 Prec Rec = 
0 0 0 0
1 0 0 0
2 0.0149254 0.166667 0.0078125
3 0.16 0.32 0.106667
4 0.0363636 0.333333 0.0192308
5 0.91864 0.856738 0.990183
6 0 0 0
7 0.532951 0.525424 0.540698
8 0.886159 0.822188 0.960924
A 0.283227 0.336039 0.291724
