Cross Validation Accuracy = 81.1375 +- 1.34991

Confusion = 
  0 1 2 3 4 5 6 7 8
0 0 0 0 0 0 0 0 0 0 
1 0 0 0 0 0 0 0 0 0 
2 0 0 1 0 0 1 0 2 0 
3 0 0 0 8 0 0 2 5 14 
4 0 0 0 0 2 0 0 0 7 
5 90 0 92 2 0 1516 10 66 2 
6 0 0 0 1 0 0 0 0 0 
7 3 1 32 20 1 10 5 84 13 
8 0 4 3 44 49 1 2 15 527 

Class F1 Prec Rec = 
0 0 0 0
1 0 0 0
2 0.0151515 0.25 0.0078125
3 0.153846 0.275862 0.106667
4 0.0655738 0.222222 0.0384615
5 0.91712 0.852643 0.992147
6 0 0 0
7 0.492669 0.497041 0.488372
8 0.872517 0.817054 0.936057
A 0.279653 0.323869 0.285502
