Cross Validation Accuracy = 68.2473 +- 2.07763

Confusion = 
  0 1 2 3 4 5 6 7 8
0 0 0 3 1 0 25 0 6 0 
1 0 0 0 0 0 0 0 0 0 
2 3 0 6 4 0 31 3 7 2 
3 2 0 5 4 0 18 0 6 11 
4 0 0 0 1 0 11 0 2 13 
5 85 0 87 25 8 1302 7 102 49 
6 0 0 2 0 0 1 0 1 1 
7 2 0 3 5 3 44 1 7 8 
8 1 5 22 35 41 96 8 41 479 

Class F1 Prec Rec = 
0 0 0 0
1 0 0 0
2 0.0652174 0.107143 0.046875
3 0.0661157 0.0869565 0.0533333
4 0 0 0
5 0.815534 0.781982 0.852094
6 0 0 0
7 0.0571429 0.0958904 0.0406977
8 0.74206 0.657967 0.850799
A 0.194008 0.192215 0.204867
