Cross Validation Accuracy = 84.7047 +- 1.4909

Confusion = 
  0 1 2 3 4 5 6 7 8
0 0 0 0 1 0 0 0 0 0 
1 0 0 0 1 0 0 0 0 1 
2 0 0 7 3 0 3 3 17 2 
3 0 1 8 37 0 0 0 18 10 
4 0 0 0 0 8 0 0 0 3 
5 89 0 73 2 0 1520 12 23 1 
6 0 0 0 0 0 0 0 0 0 
7 4 1 39 14 1 5 0 114 0 
8 0 3 1 17 43 0 4 0 546 

Class F1 Prec Rec = 
0 0 0 0
1 0 0 0
2 0.0858896 0.2 0.0546875
3 0.496644 0.5 0.493333
4 0.253968 0.727273 0.153846
5 0.935961 0.883721 0.994764
6 0 0 0
7 0.651429 0.640449 0.662791
8 0.927782 0.889251 0.969805
A 0.372408 0.426744 0.369914
