Cross Validation Accuracy = 86.2613 +- 1.07181

Confusion = 
  0 1 2 3 4 5 6 7 8
0 0 0 0 0 0 0 0 0 0 
1 0 0 0 0 0 0 0 0 0 
2 2 0 18 3 0 3 4 13 0 
3 1 1 5 46 2 0 1 14 6 
4 0 0 0 0 8 0 0 0 2 
5 88 0 67 0 0 1520 11 18 0 
6 0 0 0 0 0 1 0 0 1 
7 2 0 38 12 0 4 0 127 0 
8 0 4 0 14 42 0 3 0 554 

Class F1 Prec Rec = 
0 0 0 0
1 0 0 0
2 0.210526 0.418605 0.140625
3 0.609272 0.605263 0.613333
4 0.258065 0.8 0.153846
5 0.940594 0.892019 0.994764
6 0 0 0
7 0.715493 0.693989 0.738372
8 0.938983 0.897893 0.984014
A 0.408104 0.478641 0.402773
