Cross Validation Accuracy = 85.1982 +- 1.8657

Confusion = 
  0 1 2 3 4 5 6 7 8
0 0 0 0 0 0 0 0 0 0 
1 0 0 0 0 0 0 0 0 0 
2 1 0 4 1 0 1 2 9 1 
3 0 1 10 37 0 0 1 19 6 
4 0 0 0 0 8 0 0 0 3 
5 89 0 70 1 0 1521 12 21 0 
6 0 0 0 0 0 0 0 0 0 
7 3 1 44 17 1 6 0 123 1 
8 0 3 0 19 43 0 4 0 552 

Class F1 Prec Rec = 
0 0 0 0
1 0 0 0
2 0.0544218 0.210526 0.03125
3 0.496644 0.5 0.493333
4 0.253968 0.727273 0.153846
5 0.93831 0.887398 0.995419
6 0 0 0
7 0.668478 0.627551 0.715116
8 0.932432 0.888889 0.980462
A 0.371584 0.426849 0.374381
