Cross Validation Accuracy = 83.5661 +- 1.44544

Confusion = 
  0 1 2 3 4 5 6 7 8
0 0 0 0 0 0 0 0 0 0 
1 0 0 0 0 0 0 0 0 0 
2 0 0 2 0 0 0 0 1 0 
3 0 0 0 1 0 0 0 0 0 
4 0 0 0 0 0 0 0 0 0 
5 87 0 90 6 1 1515 13 39 1 
6 0 0 0 0 0 0 0 0 0 
7 6 1 30 29 0 12 0 125 3 
8 0 4 6 39 51 1 6 7 559 

Class F1 Prec Rec = 
0 0 0 0
1 0 0 0
2 0.0305344 0.666667 0.015625
3 0.0263158 1 0.0133333
4 0 0 0
5 0.92378 0.864726 0.991492
6 0 0 0
7 0.661376 0.606796 0.726744
8 0.904531 0.830609 0.992895
A 0.282949 0.440978 0.304454
