Cross Validation Accuracy = 86.5265 +- 0.946824

Confusion = 
  0 1 2 3 4 5 6 7 8
0 5 0 6 0 0 3 2 2 1 
1 0 0 0 0 0 0 0 0 0 
2 1 0 38 5 0 8 1 15 2 
3 0 3 5 35 1 0 2 7 9 
4 0 0 0 1 18 0 0 0 8 
5 85 0 46 4 1 1507 12 12 1 
6 0 0 0 2 0 0 0 1 0 
7 2 0 32 13 3 10 0 135 0 
8 0 2 1 15 29 0 2 0 542 

Class F1 Prec Rec = 
0 0.0892857 0.263158 0.0537634
1 0 0 0
2 0.383838 0.542857 0.296875
3 0.510949 0.564516 0.466667
4 0.455696 0.666667 0.346154
5 0.943054 0.903477 0.986257
6 0 0 0
7 0.735695 0.692308 0.784884
8 0.939341 0.91709 0.9627
A 0.450873 0.505564 0.433033
