Cross Validation Accuracy = 88.6147 +- 1.56031

Confusion = 
  0 1 2 3 4 5 6 7 8
0 0 0 0 0 0 0 0 0 0 
1 0 2 0 0 0 0 0 0 0 
2 3 0 61 4 0 6 0 27 0 
3 0 1 6 48 1 0 0 6 7 
4 0 0 0 0 28 0 0 0 10 
5 90 0 34 0 0 1519 15 6 1 
6 0 0 0 0 0 0 0 0 1 
7 0 0 27 8 0 3 0 133 0 
8 0 2 0 15 23 0 4 0 544 

Class F1 Prec Rec = 
0 0 0 0
1 0.571429 1 0.4
2 0.532751 0.60396 0.476562
3 0.666667 0.695652 0.64
4 0.622222 0.736842 0.538462
5 0.951456 0.912312 0.99411
6 0 0 0
7 0.77551 0.777778 0.773256
8 0.945265 0.92517 0.966252
A 0.562811 0.627968 0.532071
