Cross Validation Accuracy = 86.3377 +- 1.09854

Confusion = 
  0 1 2 3 4 5 6 7 8
0 0 0 3 0 0 0 2 3 1 
1 0 0 0 0 0 0 0 0 0 
2 1 0 36 4 0 8 1 17 1 
3 0 2 6 38 1 0 2 8 14 
4 0 0 0 2 13 0 0 0 7 
5 92 0 41 2 0 1513 11 9 0 
6 0 0 0 2 0 0 0 0 0 
7 0 0 41 13 4 7 0 135 0 
8 0 3 1 14 34 0 3 0 540 

Class F1 Prec Rec = 
0 0 0 0
1 0 0 0
2 0.367347 0.529412 0.28125
3 0.520548 0.535211 0.506667
4 0.351351 0.590909 0.25
5 0.946809 0.907074 0.990183
6 0 0 0
7 0.725806 0.675 0.784884
8 0.932642 0.907563 0.959147
A 0.427167 0.460574 0.419126
