Cross Validation Accuracy = 81.9344 +- 1.64129

Confusion = 
  0 1 2 3 4 5 6 7 8
0 0 0 0 0 0 0 0 0 0 
1 0 0 0 0 0 0 0 0 0 
2 0 0 2 0 0 1 1 8 0 
3 0 0 3 10 0 1 2 10 2 
4 0 0 0 0 1 0 0 2 2 
5 88 0 87 1 0 1517 11 58 1 
6 0 0 0 0 0 0 0 0 0 
7 5 1 33 23 0 9 1 88 17 
8 0 4 3 41 51 0 4 6 541 

Class F1 Prec Rec = 
0 0 0 0
1 0 0 0
2 0.0285714 0.166667 0.015625
3 0.194175 0.357143 0.133333
4 0.0350877 0.2 0.0192308
5 0.921908 0.860465 0.992801
6 0 0 0
7 0.504298 0.497175 0.511628
8 0.892003 0.832308 0.960924
A 0.286227 0.323751 0.292616
