Cross Validation Accuracy = 81.5932 +- 1.28302

Confusion = 
  0 1 2 3 4 5 6 7 8
0 0 0 0 0 0 0 0 0 0 
1 0 0 0 0 0 0 0 0 0 
2 0 0 1 0 0 0 0 1 0 
3 0 0 3 11 0 1 1 9 7 
4 0 1 0 2 1 0 0 0 5 
5 90 0 98 1 0 1520 14 74 0 
6 0 0 0 2 0 0 0 0 0 
7 3 0 23 24 0 7 1 83 17 
8 0 4 3 35 51 0 3 5 534 

Class F1 Prec Rec = 
0 0 0 0
1 0 0 0
2 0.0153846 0.5 0.0078125
3 0.205607 0.34375 0.146667
4 0.0327869 0.111111 0.0192308
5 0.914286 0.845854 0.994764
6 0 0 0
7 0.50303 0.525316 0.482558
8 0.891486 0.840945 0.94849
A 0.284731 0.351886 0.288836
