Cross Validation Accuracy = 83.6504 +- 1.34437

Confusion = 
  0 1 2 3 4 5 6 7 8
0 0 0 0 0 0 0 0 0 0 
1 0 0 0 0 0 0 0 0 0 
2 3 0 4 0 0 5 2 12 0 
3 0 0 4 25 0 0 3 9 8 
4 0 0 0 0 0 0 0 0 0 
5 85 0 74 1 0 1510 9 39 0 
6 0 0 0 0 0 0 0 0 0 
7 5 0 46 17 1 13 5 112 2 
8 0 5 0 32 51 0 0 0 553 

Class F1 Prec Rec = 
0 0 0 0
1 0 0 0
2 0.0519481 0.153846 0.03125
3 0.403226 0.510204 0.333333
4 0 0 0
5 0.930376 0.878929 0.98822
6 0 0 0
7 0.600536 0.557214 0.651163
8 0.918605 0.862715 0.982238
A 0.322743 0.329212 0.3318
