Cross Validation Accuracy = 66.1465 +- 2.22858

Confusion = 
  0 1 2 3 4 5 6 7 8
0 6 0 1 1 0 32 0 5 1 
1 0 0 0 0 0 0 0 1 1 
2 1 0 2 1 0 42 2 7 0 
3 1 0 0 0 1 19 0 4 11 
4 0 0 0 1 0 3 0 0 11 
5 74 0 80 30 8 1269 9 96 70 
6 0 0 0 0 0 1 0 2 0 
7 5 1 9 4 2 38 2 6 9 
8 6 4 36 38 41 124 6 51 460 

Class F1 Prec Rec = 
0 0.0863309 0.130435 0.0645161
1 0 0 0
2 0.0218579 0.0363636 0.015625
3 0 0 0
4 0 0 0
5 0.802149 0.775672 0.830497
6 0 0 0
7 0.0483871 0.0789474 0.0348837
8 0.69225 0.600522 0.817052
A 0.183442 0.180216 0.195842
